# GR Density Profile for M = 1.4 M_sun
# EOS: SLy4
# M_total = 1.400000 M_sun
# R_total = 13.373536 km
# Columns: r (km), P (dyne/cm²), m (M_sun), rho (g/cm³)
1.000000e-03 6.823630e+34 0.000000e+00 5.668066e+14
2.779867e-02 6.823554e+34 3.137396e-08 5.668041e+14
5.459734e-02 6.823335e+34 2.376978e-07 5.667968e+14
8.139601e-02 6.822974e+34 7.876166e-07 5.667849e+14
1.081947e-01 6.822471e+34 1.849754e-06 5.667683e+14
1.349933e-01 6.821826e+34 3.592700e-06 5.667470e+14
1.617920e-01 6.821038e+34 6.185004e-06 5.667210e+14
1.885907e-01 6.820108e+34 9.795158e-06 5.666903e+14
2.153894e-01 6.819037e+34 1.459159e-05 5.666549e+14
2.421880e-01 6.817823e+34 2.074266e-05 5.666148e+14
2.689867e-01 6.816467e+34 2.841663e-05 5.665700e+14
2.957854e-01 6.814969e+34 3.778167e-05 5.665205e+14
3.225840e-01 6.813329e+34 4.900585e-05 5.664663e+14
3.493827e-01 6.811548e+34 6.225711e-05 5.664074e+14
3.761814e-01 6.809624e+34 7.770327e-05 5.663439e+14
4.029800e-01 6.807559e+34 9.551200e-05 5.662756e+14
4.297787e-01 6.805353e+34 1.158508e-04 5.662027e+14
4.565774e-01 6.803005e+34 1.388872e-04 5.661250e+14
4.833761e-01 6.800516e+34 1.647881e-04 5.660427e+14
5.101747e-01 6.797886e+34 1.937208e-04 5.659556e+14
5.369734e-01 6.795114e+34 2.258519e-04 5.658639e+14
5.637721e-01 6.792202e+34 2.613482e-04 5.657675e+14
5.905707e-01 6.789149e+34 3.003760e-04 5.656664e+14
6.173694e-01 6.785955e+34 3.431015e-04 5.655606e+14
6.441681e-01 6.782620e+34 3.896907e-04 5.654501e+14
6.709667e-01 6.779146e+34 4.403092e-04 5.653349e+14
6.977654e-01 6.775530e+34 4.951225e-04 5.652151e+14
7.245641e-01 6.771775e+34 5.542958e-04 5.650905e+14
7.513627e-01 6.767880e+34 6.179939e-04 5.649613e+14
7.781614e-01 6.763846e+34 6.863815e-04 5.648274e+14
8.049601e-01 6.759671e+34 7.596229e-04 5.646888e+14
8.317588e-01 6.755358e+34 8.378821e-04 5.645455e+14
8.585574e-01 6.750905e+34 9.213228e-04 5.643976e+14
8.853561e-01 6.746314e+34 1.010108e-03 5.642449e+14
9.121548e-01 6.741583e+34 1.104402e-03 5.640876e+14
9.389534e-01 6.736715e+34 1.204366e-03 5.639256e+14
9.657521e-01 6.731707e+34 1.310162e-03 5.637590e+14
9.925508e-01 6.726562e+34 1.421954e-03 5.635876e+14
1.019349e+00 6.721279e+34 1.539902e-03 5.634116e+14
1.046148e+00 6.715859e+34 1.664167e-03 5.632309e+14
1.072947e+00 6.710301e+34 1.794911e-03 5.630455e+14
1.099745e+00 6.704606e+34 1.932293e-03 5.628555e+14
1.126544e+00 6.698774e+34 2.076474e-03 5.626608e+14
1.153343e+00 6.692806e+34 2.227612e-03 5.624614e+14
1.180141e+00 6.686702e+34 2.385868e-03 5.622574e+14
1.206940e+00 6.680461e+34 2.551399e-03 5.620487e+14
1.233739e+00 6.674085e+34 2.724365e-03 5.618353e+14
1.260537e+00 6.667574e+34 2.904921e-03 5.616173e+14
1.287336e+00 6.660927e+34 3.093226e-03 5.613946e+14
1.314135e+00 6.654145e+34 3.289437e-03 5.611672e+14
1.340933e+00 6.647230e+34 3.493709e-03 5.609352e+14
1.367732e+00 6.640179e+34 3.706198e-03 5.606986e+14
1.394531e+00 6.632995e+34 3.927060e-03 5.604573e+14
1.421329e+00 6.625678e+34 4.156448e-03 5.602113e+14
1.448128e+00 6.618227e+34 4.394517e-03 5.599607e+14
1.474927e+00 6.610644e+34 4.641421e-03 5.597054e+14
1.501725e+00 6.602928e+34 4.897312e-03 5.594455e+14
1.528524e+00 6.595080e+34 5.162343e-03 5.591809e+14
1.555323e+00 6.587100e+34 5.436665e-03 5.589117e+14
1.582122e+00 6.578989e+34 5.720430e-03 5.586379e+14
1.608920e+00 6.570746e+34 6.013788e-03 5.583594e+14
1.635719e+00 6.562373e+34 6.316890e-03 5.580763e+14
1.662518e+00 6.553870e+34 6.629884e-03 5.577885e+14
1.689316e+00 6.545237e+34 6.952920e-03 5.574961e+14
1.716115e+00 6.536474e+34 7.286145e-03 5.571991e+14
1.742914e+00 6.527582e+34 7.629707e-03 5.568974e+14
1.769712e+00 6.518562e+34 7.983753e-03 5.565912e+14
1.796511e+00 6.509413e+34 8.348428e-03 5.562803e+14
1.823310e+00 6.500137e+34 8.723879e-03 5.559647e+14
1.850108e+00 6.490733e+34 9.110249e-03 5.556446e+14
1.876907e+00 6.481202e+34 9.507683e-03 5.553198e+14
1.903706e+00 6.471544e+34 9.916325e-03 5.549904e+14
1.930504e+00 6.461760e+34 1.033632e-02 5.546564e+14
1.957303e+00 6.451851e+34 1.076780e-02 5.543178e+14
1.984102e+00 6.441816e+34 1.121091e-02 5.539746e+14
2.010900e+00 6.431657e+34 1.166580e-02 5.536268e+14
2.037699e+00 6.421373e+34 1.213261e-02 5.532743e+14
2.064498e+00 6.410966e+34 1.261146e-02 5.529173e+14
2.091296e+00 6.400435e+34 1.310250e-02 5.525557e+14
2.118095e+00 6.389781e+34 1.360587e-02 5.521895e+14
2.144894e+00 6.379005e+34 1.412171e-02 5.518186e+14
2.171692e+00 6.368107e+34 1.465014e-02 5.514432e+14
2.198491e+00 6.357087e+34 1.519131e-02 5.510632e+14
2.225290e+00 6.345947e+34 1.574534e-02 5.506786e+14
2.252088e+00 6.334686e+34 1.631238e-02 5.502895e+14
2.278887e+00 6.323306e+34 1.689255e-02 5.498957e+14
2.305686e+00 6.311806e+34 1.748599e-02 5.494974e+14
2.332484e+00 6.300187e+34 1.809282e-02 5.490945e+14
2.359283e+00 6.288450e+34 1.871318e-02 5.486870e+14
2.386082e+00 6.276595e+34 1.934720e-02 5.482749e+14
2.412880e+00 6.264623e+34 1.999499e-02 5.478583e+14
2.439679e+00 6.252534e+34 2.065670e-02 5.474371e+14
2.466478e+00 6.240329e+34 2.133245e-02 5.470114e+14
2.493276e+00 6.228009e+34 2.202236e-02 5.465811e+14
2.520075e+00 6.215573e+34 2.272655e-02 5.461462e+14
2.546874e+00 6.203023e+34 2.344516e-02 5.457068e+14
2.573672e+00 6.190359e+34 2.417829e-02 5.452629e+14
2.600471e+00 6.177582e+34 2.492608e-02 5.448144e+14
2.627270e+00 6.164692e+34 2.568865e-02 5.443613e+14
2.654068e+00 6.151690e+34 2.646612e-02 5.439038e+14
2.680867e+00 6.138576e+34 2.725859e-02 5.434416e+14
2.707666e+00 6.125352e+34 2.806620e-02 5.429750e+14
2.734464e+00 6.112017e+34 2.888906e-02 5.425038e+14
2.761263e+00 6.098572e+34 2.972728e-02 5.420281e+14
2.788062e+00 6.085018e+34 3.058098e-02 5.415479e+14
2.814860e+00 6.071356e+34 3.145028e-02 5.410631e+14
2.841659e+00 6.057586e+34 3.233528e-02 5.405739e+14
2.868458e+00 6.043708e+34 3.323610e-02 5.400801e+14
2.895256e+00 6.029724e+34 3.415285e-02 5.395818e+14
2.922055e+00 6.015634e+34 3.508564e-02 5.390790e+14
2.948854e+00 6.001438e+34 3.603457e-02 5.385717e+14
2.975652e+00 5.987138e+34 3.699976e-02 5.380600e+14
3.002451e+00 5.972734e+34 3.798132e-02 5.375437e+14
3.029250e+00 5.958226e+34 3.897934e-02 5.370229e+14
3.056048e+00 5.943615e+34 3.999393e-02 5.364976e+14
3.082847e+00 5.928902e+34 4.102520e-02 5.359679e+14
3.109646e+00 5.914088e+34 4.207324e-02 5.354337e+14
3.136444e+00 5.899173e+34 4.313817e-02 5.348950e+14
3.163243e+00 5.884158e+34 4.422007e-02 5.343518e+14
3.190042e+00 5.869044e+34 4.531906e-02 5.338042e+14
3.216840e+00 5.853830e+34 4.643521e-02 5.332520e+14
3.243639e+00 5.838519e+34 4.756865e-02 5.326955e+14
3.270438e+00 5.823110e+34 4.871945e-02 5.321345e+14
3.297236e+00 5.807605e+34 4.988771e-02 5.315690e+14
3.324035e+00 5.792003e+34 5.107353e-02 5.309990e+14
3.350834e+00 5.776307e+34 5.227700e-02 5.304247e+14
3.377632e+00 5.760515e+34 5.349820e-02 5.298459e+14
3.404431e+00 5.744630e+34 5.473724e-02 5.292626e+14
3.431230e+00 5.728652e+34 5.599420e-02 5.286749e+14
3.458028e+00 5.712581e+34 5.726916e-02 5.280828e+14
3.484827e+00 5.696419e+34 5.856221e-02 5.274863e+14
3.511626e+00 5.680166e+34 5.987344e-02 5.268853e+14
3.538424e+00 5.663822e+34 6.120293e-02 5.262800e+14
3.565223e+00 5.647389e+34 6.255077e-02 5.256702e+14
3.592022e+00 5.630867e+34 6.391703e-02 5.250560e+14
3.618820e+00 5.614257e+34 6.530180e-02 5.244374e+14
3.645619e+00 5.597560e+34 6.670515e-02 5.238144e+14
3.672418e+00 5.580776e+34 6.812717e-02 5.231870e+14
3.699216e+00 5.563907e+34 6.956792e-02 5.225552e+14
3.726015e+00 5.546952e+34 7.102749e-02 5.219191e+14
3.752814e+00 5.529913e+34 7.250595e-02 5.212785e+14
3.779612e+00 5.512791e+34 7.400337e-02 5.206336e+14
3.806411e+00 5.495586e+34 7.551982e-02 5.199843e+14
3.833210e+00 5.478299e+34 7.705538e-02 5.193307e+14
3.860008e+00 5.460931e+34 7.861011e-02 5.186727e+14
3.886807e+00 5.443482e+34 8.018408e-02 5.180103e+14
3.913606e+00 5.425954e+34 8.177736e-02 5.173436e+14
3.940404e+00 5.408347e+34 8.339001e-02 5.166725e+14
3.967203e+00 5.390662e+34 8.502210e-02 5.159971e+14
3.994002e+00 5.372899e+34 8.667368e-02 5.153173e+14
4.020800e+00 5.355060e+34 8.834483e-02 5.146332e+14
4.047599e+00 5.337145e+34 9.003559e-02 5.139448e+14
4.074398e+00 5.319156e+34 9.174604e-02 5.132520e+14
4.101196e+00 5.301092e+34 9.347622e-02 5.125550e+14
4.127995e+00 5.282955e+34 9.522620e-02 5.118536e+14
4.154794e+00 5.264746e+34 9.699602e-02 5.111479e+14
4.181592e+00 5.246465e+34 9.878574e-02 5.104379e+14
4.208391e+00 5.228113e+34 1.005954e-01 5.097236e+14
4.235190e+00 5.209691e+34 1.024251e-01 5.090050e+14
4.261988e+00 5.191199e+34 1.042748e-01 5.082821e+14
4.288787e+00 5.172640e+34 1.061447e-01 5.075550e+14
4.315586e+00 5.154013e+34 1.080346e-01 5.068235e+14
4.342384e+00 5.135319e+34 1.099448e-01 5.060878e+14
4.369183e+00 5.116559e+34 1.118752e-01 5.053478e+14
4.395982e+00 5.097734e+34 1.138259e-01 5.046036e+14
4.422780e+00 5.078844e+34 1.157969e-01 5.038551e+14
4.449579e+00 5.059891e+34 1.177883e-01 5.031023e+14
4.476378e+00 5.040876e+34 1.198000e-01 5.023453e+14
4.503176e+00 5.021799e+34 1.218322e-01 5.015841e+14
4.529975e+00 5.002661e+34 1.238849e-01 5.008186e+14
4.556774e+00 4.983463e+34 1.259581e-01 5.000489e+14
4.583572e+00 4.964206e+34 1.280518e-01 4.992749e+14
4.610371e+00 4.944890e+34 1.301661e-01 4.984967e+14
4.637170e+00 4.925517e+34 1.323009e-01 4.977144e+14
4.663968e+00 4.906087e+34 1.344564e-01 4.969278e+14
4.690767e+00 4.886601e+34 1.366326e-01 4.961370e+14
4.717566e+00 4.867060e+34 1.388294e-01 4.953420e+14
4.744365e+00 4.847466e+34 1.410470e-01 4.945428e+14
4.771163e+00 4.827818e+34 1.432852e-01 4.937394e+14
4.797962e+00 4.808117e+34 1.455443e-01 4.929319e+14
4.824761e+00 4.788365e+34 1.478241e-01 4.921201e+14
4.851559e+00 4.768563e+34 1.501246e-01 4.913042e+14
4.878358e+00 4.748710e+34 1.524460e-01 4.904842e+14
4.905157e+00 4.728809e+34 1.547882e-01 4.896600e+14
4.931955e+00 4.708860e+34 1.571512e-01 4.888316e+14
4.958754e+00 4.688863e+34 1.595351e-01 4.879991e+14
4.985553e+00 4.668821e+34 1.619398e-01 4.871624e+14
5.012351e+00 4.648732e+34 1.643654e-01 4.863216e+14
5.039150e+00 4.628600e+34 1.668119e-01 4.854767e+14
5.065949e+00 4.608423e+34 1.692793e-01 4.846276e+14
5.092747e+00 4.588204e+34 1.717675e-01 4.837745e+14
5.119546e+00 4.567943e+34 1.742767e-01 4.829172e+14
5.146345e+00 4.547641e+34 1.768067e-01 4.820558e+14
5.173143e+00 4.527298e+34 1.793576e-01 4.811903e+14
5.199942e+00 4.506917e+34 1.819295e-01 4.803207e+14
5.226741e+00 4.486497e+34 1.845222e-01 4.794471e+14
5.253539e+00 4.466039e+34 1.871358e-01 4.785693e+14
5.280338e+00 4.445545e+34 1.897703e-01 4.776875e+14
5.307137e+00 4.425015e+34 1.924256e-01 4.768016e+14
5.333935e+00 4.404450e+34 1.951019e-01 4.759117e+14
5.360734e+00 4.383852e+34 1.977989e-01 4.750177e+14
5.387533e+00 4.363220e+34 2.005169e-01 4.741197e+14
5.414331e+00 4.342556e+34 2.032557e-01 4.732176e+14
5.441130e+00 4.321861e+34 2.060153e-01 4.723114e+14
5.467929e+00 4.301135e+34 2.087957e-01 4.714013e+14
5.494727e+00 4.280380e+34 2.115969e-01 4.704871e+14
5.521526e+00 4.259596e+34 2.144188e-01 4.695689e+14
5.548325e+00 4.238785e+34 2.172615e-01 4.686467e+14
5.575123e+00 4.217947e+34 2.201250e-01 4.677205e+14
5.601922e+00 4.197082e+34 2.230091e-01 4.667903e+14
5.628721e+00 4.176193e+34 2.259140e-01 4.658561e+14
5.655519e+00 4.155280e+34 2.288395e-01 4.649179e+14
5.682318e+00 4.134343e+34 2.317856e-01 4.639757e+14
5.709117e+00 4.113384e+34 2.347523e-01 4.630296e+14
5.735915e+00 4.092403e+34 2.377396e-01 4.620795e+14
5.762714e+00 4.071402e+34 2.407474e-01 4.611254e+14
5.789513e+00 4.050381e+34 2.437757e-01 4.601674e+14
5.816311e+00 4.029342e+34 2.468245e-01 4.592055e+14
5.843110e+00 4.008284e+34 2.498937e-01 4.582396e+14
5.869909e+00 3.987210e+34 2.529833e-01 4.572697e+14
5.896707e+00 3.966119e+34 2.560933e-01 4.562960e+14
5.923506e+00 3.945014e+34 2.592236e-01 4.553183e+14
5.950305e+00 3.923893e+34 2.623741e-01 4.543368e+14
5.977103e+00 3.902760e+34 2.655449e-01 4.533513e+14
6.003902e+00 3.881614e+34 2.687358e-01 4.523619e+14
6.030701e+00 3.860456e+34 2.719469e-01 4.513687e+14
6.057499e+00 3.839287e+34 2.751780e-01 4.503715e+14
6.084298e+00 3.818109e+34 2.784292e-01 4.493705e+14
6.111097e+00 3.796922e+34 2.817003e-01 4.483656e+14
6.137895e+00 3.775726e+34 2.849914e-01 4.473569e+14
6.164694e+00 3.754523e+34 2.883024e-01 4.463442e+14
6.191493e+00 3.733314e+34 2.916331e-01 4.453278e+14
6.218291e+00 3.712100e+34 2.949836e-01 4.443075e+14
6.245090e+00 3.690881e+34 2.983538e-01 4.432834e+14
6.271889e+00 3.669658e+34 3.017437e-01 4.422554e+14
6.298687e+00 3.648433e+34 3.051531e-01 4.412237e+14
6.325486e+00 3.627206e+34 3.085820e-01 4.401881e+14
6.352285e+00 3.605977e+34 3.120303e-01 4.391487e+14
6.379083e+00 3.584749e+34 3.154980e-01 4.381055e+14
6.405882e+00 3.563521e+34 3.189850e-01 4.370585e+14
6.432681e+00 3.542295e+34 3.224913e-01 4.360078e+14
6.459479e+00 3.521072e+34 3.260167e-01 4.349533e+14
6.486278e+00 3.499851e+34 3.295612e-01 4.338950e+14
6.513077e+00 3.478636e+34 3.331247e-01 4.328329e+14
6.539875e+00 3.457425e+34 3.367071e-01 4.317671e+14
6.566674e+00 3.436220e+34 3.403084e-01 4.306975e+14
6.593473e+00 3.415022e+34 3.439285e-01 4.296242e+14
6.620271e+00 3.393832e+34 3.475673e-01 4.285472e+14
6.647070e+00 3.372650e+34 3.512246e-01 4.274665e+14
6.673869e+00 3.351478e+34 3.549005e-01 4.263820e+14
6.700667e+00 3.330316e+34 3.585949e-01 4.252938e+14
6.727466e+00 3.309166e+34 3.623075e-01 4.242020e+14
6.754265e+00 3.288027e+34 3.660385e-01 4.231064e+14
6.781063e+00 3.266902e+34 3.697876e-01 4.220071e+14
6.807862e+00 3.245790e+34 3.735548e-01 4.209042e+14
6.834661e+00 3.224693e+34 3.773400e-01 4.197976e+14
6.861459e+00 3.203611e+34 3.811431e-01 4.186873e+14
6.888258e+00 3.182546e+34 3.849639e-01 4.175734e+14
6.915057e+00 3.161497e+34 3.888025e-01 4.164559e+14
6.941855e+00 3.140467e+34 3.926587e-01 4.153347e+14
6.968654e+00 3.119456e+34 3.965323e-01 4.142098e+14
6.995453e+00 3.098464e+34 4.004234e-01 4.130814e+14
7.022251e+00 3.077493e+34 4.043317e-01 4.119493e+14
7.049050e+00 3.056543e+34 4.082572e-01 4.108136e+14
7.075849e+00 3.035616e+34 4.121998e-01 4.096743e+14
7.102647e+00 3.014712e+34 4.161594e-01 4.085314e+14
7.129446e+00 2.993831e+34 4.201358e-01 4.073849e+14
7.156245e+00 2.972975e+34 4.241289e-01 4.062349e+14
7.183043e+00 2.952145e+34 4.281387e-01 4.050813e+14
7.209842e+00 2.931341e+34 4.321650e-01 4.039241e+14
7.236641e+00 2.910565e+34 4.362076e-01 4.027634e+14
7.263439e+00 2.889816e+34 4.402666e-01 4.015991e+14
7.290238e+00 2.869096e+34 4.443417e-01 4.004313e+14
7.317037e+00 2.848406e+34 4.484329e-01 3.992599e+14
7.343835e+00 2.827746e+34 4.525399e-01 3.980850e+14
7.370634e+00 2.807117e+34 4.566628e-01 3.969067e+14
7.397433e+00 2.786521e+34 4.608013e-01 3.957248e+14
7.424231e+00 2.765957e+34 4.649553e-01 3.945394e+14
7.451030e+00 2.745427e+34 4.691248e-01 3.933505e+14
7.477829e+00 2.724931e+34 4.733095e-01 3.921581e+14
7.504627e+00 2.704471e+34 4.775094e-01 3.909623e+14
7.531426e+00 2.684047e+34 4.817242e-01 3.897630e+14
7.558225e+00 2.663659e+34 4.859540e-01 3.885602e+14
7.585023e+00 2.643309e+34 4.901985e-01 3.873540e+14
7.611822e+00 2.622998e+34 4.944576e-01 3.861443e+14
7.638621e+00 2.602725e+34 4.987311e-01 3.849312e+14
7.665419e+00 2.582493e+34 5.030190e-01 3.837147e+14
7.692218e+00 2.562301e+34 5.073211e-01 3.824947e+14
7.719017e+00 2.542150e+34 5.116372e-01 3.812714e+14
7.745815e+00 2.522042e+34 5.159671e-01 3.800446e+14
7.772614e+00 2.501977e+34 5.203109e-01 3.788144e+14
7.799413e+00 2.481955e+34 5.246682e-01 3.775809e+14
7.826211e+00 2.461978e+34 5.290389e-01 3.763440e+14
7.853010e+00 2.442046e+34 5.334230e-01 3.751037e+14
7.879809e+00 2.422161e+34 5.378202e-01 3.738600e+14
7.906608e+00 2.402321e+34 5.422303e-01 3.726130e+14
7.933406e+00 2.382530e+34 5.466533e-01 3.713626e+14
7.960205e+00 2.362786e+34 5.510890e-01 3.701089e+14
7.987004e+00 2.343091e+34 5.555372e-01 3.688519e+14
8.013802e+00 2.323446e+34 5.599977e-01 3.675915e+14
8.040601e+00 2.303852e+34 5.644705e-01 3.663278e+14
8.067400e+00 2.284308e+34 5.689552e-01 3.650608e+14
8.094198e+00 2.264816e+34 5.734518e-01 3.637906e+14
8.120997e+00 2.245377e+34 5.779601e-01 3.625170e+14
8.147796e+00 2.225990e+34 5.824800e-01 3.612401e+14
8.174594e+00 2.206658e+34 5.870112e-01 3.599600e+14
8.201393e+00 2.187380e+34 5.915536e-01 3.586766e+14
8.228192e+00 2.168158e+34 5.961070e-01 3.573899e+14
8.254990e+00 2.148991e+34 6.006712e-01 3.561000e+14
8.281789e+00 2.129881e+34 6.052461e-01 3.548069e+14
8.308588e+00 2.110829e+34 6.098315e-01 3.535105e+14
8.335386e+00 2.091834e+34 6.144272e-01 3.522109e+14
8.362185e+00 2.072898e+34 6.190331e-01 3.509080e+14
8.388984e+00 2.054022e+34 6.236489e-01 3.496020e+14
8.415782e+00 2.035205e+34 6.282745e-01 3.482927e+14
8.442581e+00 2.016450e+34 6.329096e-01 3.469803e+14
8.469380e+00 1.997755e+34 6.375542e-01 3.456646e+14
8.496178e+00 1.979122e+34 6.422080e-01 3.443458e+14
8.522977e+00 1.960552e+34 6.468708e-01 3.430238e+14
8.549776e+00 1.942045e+34 6.515424e-01 3.416987e+14
8.576574e+00 1.923603e+34 6.562227e-01 3.403704e+14
8.603373e+00 1.905224e+34 6.609115e-01 3.390389e+14
8.630172e+00 1.886911e+34 6.656085e-01 3.377043e+14
8.656970e+00 1.868663e+34 6.703135e-01 3.363665e+14
8.683769e+00 1.850482e+34 6.750265e-01 3.350257e+14
8.710568e+00 1.832368e+34 6.797471e-01 3.336817e+14
8.737366e+00 1.814321e+34 6.844752e-01 3.323346e+14
8.764165e+00 1.796343e+34 6.892105e-01 3.309844e+14
8.790964e+00 1.778433e+34 6.939530e-01 3.296311e+14
8.817762e+00 1.760593e+34 6.987022e-01 3.282747e+14
8.844561e+00 1.742822e+34 7.034582e-01 3.269153e+14
8.871360e+00 1.725122e+34 7.082206e-01 3.255527e+14
8.898158e+00 1.707494e+34 7.129892e-01 3.241871e+14
8.924957e+00 1.689937e+34 7.177639e-01 3.228185e+14
8.951756e+00 1.672452e+34 7.225444e-01 3.214467e+14
8.978554e+00 1.655040e+34 7.273305e-01 3.200720e+14
9.005353e+00 1.637701e+34 7.321220e-01 3.186942e+14
9.032152e+00 1.620436e+34 7.369187e-01 3.173134e+14
9.058950e+00 1.603246e+34 7.417204e-01 3.159295e+14
9.085749e+00 1.586130e+34 7.465268e-01 3.145426e+14
9.112548e+00 1.569090e+34 7.513377e-01 3.131528e+14
9.139346e+00 1.552127e+34 7.561530e-01 3.117599e+14
9.166145e+00 1.535239e+34 7.609723e-01 3.103640e+14
9.192944e+00 1.518429e+34 7.657955e-01 3.089652e+14
9.219742e+00 1.501697e+34 7.706223e-01 3.075633e+14
9.246541e+00 1.485042e+34 7.754526e-01 3.061585e+14
9.273340e+00 1.468466e+34 7.802860e-01 3.047508e+14
9.300138e+00 1.451969e+34 7.851224e-01 3.033400e+14
9.326937e+00 1.435552e+34 7.899615e-01 3.019263e+14
9.353736e+00 1.419215e+34 7.948031e-01 3.005097e+14
9.380534e+00 1.402958e+34 7.996469e-01 2.990901e+14
9.407333e+00 1.386783e+34 8.044928e-01 2.976676e+14
9.434132e+00 1.370689e+34 8.093405e-01 2.962421e+14
9.460930e+00 1.354677e+34 8.141897e-01 2.948138e+14
9.487729e+00 1.338747e+34 8.190402e-01 2.933825e+14
9.514528e+00 1.322900e+34 8.238918e-01 2.919483e+14
9.541326e+00 1.307137e+34 8.287442e-01 2.905112e+14
9.568125e+00 1.291457e+34 8.335973e-01 2.890712e+14
9.594924e+00 1.275861e+34 8.384506e-01 2.876283e+14
9.621722e+00 1.260350e+34 8.433041e-01 2.861825e+14
9.648521e+00 1.244924e+34 8.481573e-01 2.847339e+14
9.675320e+00 1.229584e+34 8.530102e-01 2.832824e+14
9.702118e+00 1.214329e+34 8.578625e-01 2.818280e+14
9.728917e+00 1.199161e+34 8.627138e-01 2.803707e+14
9.755716e+00 1.184079e+34 8.675640e-01 2.789106e+14
9.782514e+00 1.169084e+34 8.724128e-01 2.774476e+14
9.809313e+00 1.154177e+34 8.772599e-01 2.759817e+14
9.836112e+00 1.139357e+34 8.821051e-01 2.745131e+14
9.862910e+00 1.124626e+34 8.869481e-01 2.730416e+14
9.889709e+00 1.109983e+34 8.917886e-01 2.715672e+14
9.916508e+00 1.095430e+34 8.966265e-01 2.700900e+14
9.943306e+00 1.080965e+34 9.014614e-01 2.686100e+14
9.970105e+00 1.066590e+34 9.062930e-01 2.671272e+14
9.996904e+00 1.052305e+34 9.111212e-01 2.656415e+14
1.002370e+01 1.038111e+34 9.159456e-01 2.641530e+14
1.005050e+01 1.024007e+34 9.207660e-01 2.626618e+14
1.007730e+01 1.009994e+34 9.255821e-01 2.611677e+14
1.010410e+01 9.960722e+33 9.303936e-01 2.596708e+14
1.013090e+01 9.822422e+33 9.352002e-01 2.581711e+14
1.015770e+01 9.685040e+33 9.400018e-01 2.566686e+14
1.018449e+01 9.548581e+33 9.447979e-01 2.551633e+14
1.021129e+01 9.413048e+33 9.495884e-01 2.536552e+14
1.023809e+01 9.278442e+33 9.543729e-01 2.521443e+14
1.026489e+01 9.144768e+33 9.591512e-01 2.506307e+14
1.029169e+01 9.012027e+33 9.639230e-01 2.491142e+14
1.031849e+01 8.880222e+33 9.686879e-01 2.475950e+14
1.034529e+01 8.749357e+33 9.734458e-01 2.460730e+14
1.037209e+01 8.619434e+33 9.781964e-01 2.445482e+14
1.039888e+01 8.490455e+33 9.829393e-01 2.430206e+14
1.042568e+01 8.362422e+33 9.876742e-01 2.414903e+14
1.045248e+01 8.235339e+33 9.924009e-01 2.399572e+14
1.047928e+01 8.109207e+33 9.971191e-01 2.384213e+14
1.050608e+01 7.984030e+33 1.001829e+00 2.368826e+14
1.053288e+01 7.859808e+33 1.006529e+00 2.353411e+14
1.055968e+01 7.736544e+33 1.011220e+00 2.337969e+14
1.058647e+01 7.614241e+33 1.015901e+00 2.322499e+14
1.061327e+01 7.492901e+33 1.020572e+00 2.307001e+14
1.064007e+01 7.372524e+33 1.025233e+00 2.291475e+14
1.066687e+01 7.253114e+33 1.029883e+00 2.275922e+14
1.069367e+01 7.134673e+33 1.034522e+00 2.260341e+14
1.072047e+01 7.017201e+33 1.039151e+00 2.244731e+14
1.074727e+01 6.900701e+33 1.043767e+00 2.229094e+14
1.077407e+01 6.785175e+33 1.048372e+00 2.213430e+14
1.080086e+01 6.670623e+33 1.052965e+00 2.197737e+14
1.082766e+01 6.557048e+33 1.057545e+00 2.182016e+14
1.085446e+01 6.444452e+33 1.062112e+00 2.166267e+14
1.088126e+01 6.332835e+33 1.066667e+00 2.150491e+14
1.090806e+01 6.222199e+33 1.071208e+00 2.134686e+14
1.093486e+01 6.112545e+33 1.075735e+00 2.118853e+14
1.096166e+01 6.003875e+33 1.080248e+00 2.102992e+14
1.098845e+01 5.896189e+33 1.084747e+00 2.087102e+14
1.101525e+01 5.789489e+33 1.089231e+00 2.071185e+14
1.104205e+01 5.683777e+33 1.093700e+00 2.055239e+14
1.106885e+01 5.579052e+33 1.098154e+00 2.039264e+14
1.109565e+01 5.475316e+33 1.102592e+00 2.023261e+14
1.112245e+01 5.372570e+33 1.107014e+00 2.007230e+14
1.114925e+01 5.270815e+33 1.111420e+00 1.991170e+14
1.117605e+01 5.170052e+33 1.115809e+00 1.975081e+14
1.120284e+01 5.070280e+33 1.120182e+00 1.958963e+14
1.122964e+01 4.971501e+33 1.124537e+00 1.942816e+14
1.125644e+01 4.873716e+33 1.128874e+00 1.926640e+14
1.128324e+01 4.776925e+33 1.133193e+00 1.910435e+14
1.131004e+01 4.681128e+33 1.137494e+00 1.894201e+14
1.133684e+01 4.586326e+33 1.141776e+00 1.877937e+14
1.136364e+01 4.492520e+33 1.146039e+00 1.861644e+14
1.139043e+01 4.399709e+33 1.150283e+00 1.845321e+14
1.141723e+01 4.307894e+33 1.154507e+00 1.828968e+14
1.144403e+01 4.217075e+33 1.158711e+00 1.812586e+14
1.147083e+01 4.127253e+33 1.162894e+00 1.796173e+14
1.149763e+01 4.038426e+33 1.167057e+00 1.779729e+14
1.152443e+01 3.950596e+33 1.171199e+00 1.763256e+14
1.155123e+01 3.863763e+33 1.175319e+00 1.746751e+14
1.157803e+01 3.777925e+33 1.179417e+00 1.730216e+14
1.160482e+01 3.693084e+33 1.183493e+00 1.713649e+14
1.163162e+01 3.609239e+33 1.187546e+00 1.697052e+14
1.165842e+01 3.526389e+33 1.191576e+00 1.680422e+14
1.168522e+01 3.444534e+33 1.195583e+00 1.663761e+14
1.171202e+01 3.363675e+33 1.199566e+00 1.647068e+14
1.173882e+01 3.283810e+33 1.203525e+00 1.630343e+14
1.176562e+01 3.204940e+33 1.207460e+00 1.613585e+14
1.179241e+01 3.127063e+33 1.211370e+00 1.596794e+14
1.181921e+01 3.050179e+33 1.215254e+00 1.579971e+14
1.184601e+01 2.974288e+33 1.219113e+00 1.563113e+14
1.187281e+01 2.899389e+33 1.222946e+00 1.546223e+14
1.189961e+01 2.825480e+33 1.226752e+00 1.529298e+14
1.192641e+01 2.752563e+33 1.230532e+00 1.512338e+14
1.195321e+01 2.680634e+33 1.234284e+00 1.495344e+14
1.198001e+01 2.609694e+33 1.238009e+00 1.478315e+14
1.200680e+01 2.539742e+33 1.241706e+00 1.461251e+14
1.203360e+01 2.470777e+33 1.245374e+00 1.444150e+14
1.206040e+01 2.402798e+33 1.249014e+00 1.427013e+14
1.208720e+01 2.335803e+33 1.252624e+00 1.409839e+14
1.211400e+01 2.269793e+33 1.256205e+00 1.392629e+14
1.214080e+01 2.204764e+33 1.259756e+00 1.375380e+14
1.216760e+01 2.140717e+33 1.263276e+00 1.358093e+14
1.219439e+01 2.077650e+33 1.266765e+00 1.340768e+14
1.222119e+01 2.015562e+33 1.270223e+00 1.323403e+14
1.224799e+01 1.954452e+33 1.273649e+00 1.305998e+14
1.227479e+01 1.894317e+33 1.277043e+00 1.288553e+14
1.230159e+01 1.835158e+33 1.280404e+00 1.271067e+14
1.232839e+01 1.776971e+33 1.283732e+00 1.253539e+14
1.235519e+01 1.719757e+33 1.287027e+00 1.235969e+14
1.238199e+01 1.663513e+33 1.290288e+00 1.218356e+14
1.240878e+01 1.608238e+33 1.293514e+00 1.200699e+14
1.243558e+01 1.553930e+33 1.296705e+00 1.182997e+14
1.246238e+01 1.500588e+33 1.299861e+00 1.165250e+14
1.248918e+01 1.448209e+33 1.302981e+00 1.147457e+14
1.251598e+01 1.396794e+33 1.306065e+00 1.129616e+14
1.254278e+01 1.346338e+33 1.309112e+00 1.111728e+14
1.256958e+01 1.296842e+33 1.312122e+00 1.093791e+14
1.259637e+01 1.248302e+33 1.315094e+00 1.075804e+14
1.262317e+01 1.200718e+33 1.318028e+00 1.057766e+14
1.264997e+01 1.154087e+33 1.320923e+00 1.039675e+14
1.267677e+01 1.108408e+33 1.323779e+00 1.021532e+14
1.270357e+01 1.063679e+33 1.326595e+00 1.003334e+14
1.273037e+01 1.019626e+33 1.329389e+00 1.000000e+14
1.275717e+01 9.757187e+32 1.332193e+00 1.000000e+14
1.278397e+01 9.319427e+32 1.335009e+00 1.000000e+14
1.281076e+01 8.882967e+32 1.337837e+00 1.000000e+14
1.283756e+01 8.447799e+32 1.340677e+00 1.000000e+14
1.286436e+01 8.013910e+32 1.343528e+00 1.000000e+14
1.289116e+01 7.581291e+32 1.346392e+00 1.000000e+14
1.291796e+01 7.149932e+32 1.349267e+00 1.000000e+14
1.294476e+01 6.719821e+32 1.352155e+00 1.000000e+14
1.297156e+01 6.290950e+32 1.355054e+00 1.000000e+14
1.299835e+01 5.863308e+32 1.357966e+00 1.000000e+14
1.302515e+01 5.436885e+32 1.360889e+00 1.000000e+14
1.305195e+01 5.011671e+32 1.363825e+00 1.000000e+14
1.307875e+01 4.587657e+32 1.366772e+00 1.000000e+14
1.310555e+01 4.164834e+32 1.369732e+00 1.000000e+14
1.313235e+01 3.743190e+32 1.372704e+00 1.000000e+14
1.315915e+01 3.322718e+32 1.375688e+00 1.000000e+14
1.318595e+01 2.903408e+32 1.378684e+00 1.000000e+14
1.321274e+01 2.485250e+32 1.381692e+00 1.000000e+14
1.323954e+01 2.068236e+32 1.384713e+00 1.000000e+14
1.326634e+01 1.652356e+32 1.387745e+00 1.000000e+14
1.329314e+01 1.237601e+32 1.390791e+00 1.000000e+14
1.331994e+01 8.239626e+31 1.393848e+00 1.000000e+14
1.334674e+01 4.114319e+31 1.396918e+00 1.000000e+14
1.337354e+01 6.823632e+24 1.400000e+00 1.000000e+14
