# RDT Density Profile for M = 1.4 M_sun
# EOS: SLy4, α = 0.3
# M_total = 1.400000 M_sun
# R_total = 13.638666 km
# Columns: r (km), P (dyne/cm²), m (M_sun), rho (g/cm³)
1.000000e-03 4.839502e+34 0.000000e+00 4.942174e+14
2.832999e-02 4.839461e+34 2.796877e-08 4.942157e+14
5.565999e-02 4.839343e+34 2.121176e-07 4.942109e+14
8.298998e-02 4.839148e+34 7.031062e-07 4.942029e+14
1.103200e-01 4.838875e+34 1.651580e-06 4.941918e+14
1.376500e-01 4.838526e+34 3.208163e-06 4.941775e+14
1.649800e-01 4.838101e+34 5.523450e-06 4.941601e+14
1.923099e-01 4.837598e+34 8.748001e-06 4.941396e+14
2.196399e-01 4.837018e+34 1.303233e-05 4.941159e+14
2.469699e-01 4.836361e+34 1.852691e-05 4.940890e+14
2.742999e-01 4.835628e+34 2.538215e-05 4.940590e+14
3.016299e-01 4.834818e+34 3.374839e-05 4.940259e+14
3.289599e-01 4.833931e+34 4.377592e-05 4.939896e+14
3.562899e-01 4.832967e+34 5.561492e-05 4.939502e+14
3.836199e-01 4.831926e+34 6.941551e-05 4.939076e+14
4.109499e-01 4.830809e+34 8.532771e-05 4.938619e+14
4.382799e-01 4.829615e+34 1.035014e-04 4.938130e+14
4.656099e-01 4.828344e+34 1.240865e-04 4.937610e+14
4.929399e-01 4.826997e+34 1.472326e-04 4.937058e+14
5.202699e-01 4.825573e+34 1.730894e-04 4.936475e+14
5.475999e-01 4.824072e+34 2.018062e-04 4.935861e+14
5.749298e-01 4.822495e+34 2.335324e-04 4.935214e+14
6.022598e-01 4.820842e+34 2.684172e-04 4.934537e+14
6.295898e-01 4.819112e+34 3.066096e-04 4.933828e+14
6.569198e-01 4.817305e+34 3.482584e-04 4.933088e+14
6.842498e-01 4.815423e+34 3.935125e-04 4.932316e+14
7.115798e-01 4.813464e+34 4.425202e-04 4.931512e+14
7.389098e-01 4.811428e+34 4.954301e-04 4.930677e+14
7.662398e-01 4.809317e+34 5.523902e-04 4.929811e+14
7.935698e-01 4.807129e+34 6.135485e-04 4.928913e+14
8.208998e-01 4.804866e+34 6.790529e-04 4.927984e+14
8.482298e-01 4.802526e+34 7.490510e-04 4.927023e+14
8.755598e-01 4.800110e+34 8.236900e-04 4.926031e+14
9.028898e-01 4.797619e+34 9.031171e-04 4.925007e+14
9.302198e-01 4.795052e+34 9.874794e-04 4.923952e+14
9.575497e-01 4.792409e+34 1.076923e-03 4.922865e+14
9.848797e-01 4.789690e+34 1.171596e-03 4.921746e+14
1.012210e+00 4.786895e+34 1.271642e-03 4.920597e+14
1.039540e+00 4.784026e+34 1.377209e-03 4.919415e+14
1.066870e+00 4.781080e+34 1.488442e-03 4.918202e+14
1.094200e+00 4.778060e+34 1.605487e-03 4.916958e+14
1.121530e+00 4.774964e+34 1.728488e-03 4.915682e+14
1.148860e+00 4.771792e+34 1.857591e-03 4.914374e+14
1.176190e+00 4.768546e+34 1.992940e-03 4.913036e+14
1.203520e+00 4.765225e+34 2.134679e-03 4.911665e+14
1.230850e+00 4.761828e+34 2.282953e-03 4.910263e+14
1.258180e+00 4.758357e+34 2.437904e-03 4.908829e+14
1.285510e+00 4.754811e+34 2.599677e-03 4.907364e+14
1.312840e+00 4.751191e+34 2.768415e-03 4.905867e+14
1.340170e+00 4.747495e+34 2.944259e-03 4.904339e+14
1.367500e+00 4.743726e+34 3.127353e-03 4.902779e+14
1.394830e+00 4.739882e+34 3.317838e-03 4.901188e+14
1.422160e+00 4.735963e+34 3.515857e-03 4.899565e+14
1.449490e+00 4.731971e+34 3.721549e-03 4.897910e+14
1.476820e+00 4.727904e+34 3.935058e-03 4.896224e+14
1.504150e+00 4.723764e+34 4.156522e-03 4.894507e+14
1.531480e+00 4.719550e+34 4.386082e-03 4.892757e+14
1.558810e+00 4.715261e+34 4.623878e-03 4.890976e+14
1.586140e+00 4.710900e+34 4.870050e-03 4.889164e+14
1.613470e+00 4.706465e+34 5.124735e-03 4.887320e+14
1.640800e+00 4.701956e+34 5.388074e-03 4.885444e+14
1.668130e+00 4.697374e+34 5.660204e-03 4.883537e+14
1.695460e+00 4.692719e+34 5.941262e-03 4.881598e+14
1.722790e+00 4.687991e+34 6.231387e-03 4.879627e+14
1.750120e+00 4.683191e+34 6.530715e-03 4.877625e+14
1.777450e+00 4.678317e+34 6.839382e-03 4.875591e+14
1.804780e+00 4.673371e+34 7.157525e-03 4.873525e+14
1.832110e+00 4.668352e+34 7.485279e-03 4.871428e+14
1.859440e+00 4.663261e+34 7.822779e-03 4.869299e+14
1.886769e+00 4.658098e+34 8.170160e-03 4.867139e+14
1.914099e+00 4.652862e+34 8.527556e-03 4.864946e+14
1.941429e+00 4.647555e+34 8.895101e-03 4.862722e+14
1.968759e+00 4.642176e+34 9.272927e-03 4.860467e+14
1.996089e+00 4.636725e+34 9.661168e-03 4.858180e+14
2.023419e+00 4.631203e+34 1.005996e-02 4.855861e+14
2.050749e+00 4.625609e+34 1.046942e-02 4.853510e+14
2.078079e+00 4.619944e+34 1.088970e-02 4.851127e+14
2.105409e+00 4.614209e+34 1.132091e-02 4.848713e+14
2.132739e+00 4.608402e+34 1.176320e-02 4.846267e+14
2.160069e+00 4.602524e+34 1.221668e-02 4.843790e+14
2.187399e+00 4.596576e+34 1.268150e-02 4.841280e+14
2.214729e+00 4.590557e+34 1.315777e-02 4.838739e+14
2.242059e+00 4.584469e+34 1.364562e-02 4.836166e+14
2.269389e+00 4.578310e+34 1.414519e-02 4.833561e+14
2.296719e+00 4.572081e+34 1.465660e-02 4.830925e+14
2.324049e+00 4.565782e+34 1.517998e-02 4.828256e+14
2.351379e+00 4.559414e+34 1.571544e-02 4.825556e+14
2.378709e+00 4.552976e+34 1.626312e-02 4.822824e+14
2.406039e+00 4.546469e+34 1.682314e-02 4.820060e+14
2.433369e+00 4.539893e+34 1.739563e-02 4.817265e+14
2.460699e+00 4.533248e+34 1.798070e-02 4.814437e+14
2.488029e+00 4.526535e+34 1.857848e-02 4.811578e+14
2.515359e+00 4.519752e+34 1.918910e-02 4.808687e+14
2.542689e+00 4.512902e+34 1.981267e-02 4.805763e+14
2.570019e+00 4.505983e+34 2.044931e-02 4.802809e+14
2.597349e+00 4.498996e+34 2.109915e-02 4.799822e+14
2.624679e+00 4.491942e+34 2.176230e-02 4.796803e+14
2.652009e+00 4.484819e+34 2.243888e-02 4.793752e+14
2.679339e+00 4.477630e+34 2.312901e-02 4.790670e+14
2.706669e+00 4.470373e+34 2.383281e-02 4.787555e+14
2.733999e+00 4.463049e+34 2.455040e-02 4.784408e+14
2.761329e+00 4.455658e+34 2.528189e-02 4.781230e+14
2.788659e+00 4.448201e+34 2.602739e-02 4.778019e+14
2.815989e+00 4.440677e+34 2.678702e-02 4.774777e+14
2.843319e+00 4.433087e+34 2.756090e-02 4.771503e+14
2.870649e+00 4.425431e+34 2.834913e-02 4.768196e+14
2.897979e+00 4.417709e+34 2.915184e-02 4.764858e+14
2.925309e+00 4.409921e+34 2.996912e-02 4.761487e+14
2.952639e+00 4.402068e+34 3.080110e-02 4.758085e+14
2.979969e+00 4.394150e+34 3.164789e-02 4.754650e+14
3.007299e+00 4.386167e+34 3.250958e-02 4.751183e+14
3.034629e+00 4.378119e+34 3.338630e-02 4.747684e+14
3.061959e+00 4.370007e+34 3.427815e-02 4.744153e+14
3.089289e+00 4.361830e+34 3.518524e-02 4.740590e+14
3.116619e+00 4.353589e+34 3.610767e-02 4.736995e+14
3.143949e+00 4.345284e+34 3.704555e-02 4.733368e+14
3.171279e+00 4.336915e+34 3.799898e-02 4.729709e+14
3.198609e+00 4.328483e+34 3.896807e-02 4.726017e+14
3.225939e+00 4.319988e+34 3.995293e-02 4.722293e+14
3.253269e+00 4.311430e+34 4.095365e-02 4.718537e+14
3.280599e+00 4.302809e+34 4.197034e-02 4.714749e+14
3.307929e+00 4.294126e+34 4.300309e-02 4.710928e+14
3.335259e+00 4.285380e+34 4.405202e-02 4.707076e+14
3.362589e+00 4.276572e+34 4.511721e-02 4.703191e+14
3.389919e+00 4.267703e+34 4.619876e-02 4.699274e+14
3.417249e+00 4.258772e+34 4.729678e-02 4.695324e+14
3.444579e+00 4.249779e+34 4.841136e-02 4.691342e+14
3.471909e+00 4.240726e+34 4.954260e-02 4.687328e+14
3.499239e+00 4.231611e+34 5.069058e-02 4.683281e+14
3.526569e+00 4.222436e+34 5.185542e-02 4.679203e+14
3.553899e+00 4.213201e+34 5.303719e-02 4.675091e+14
3.581229e+00 4.203905e+34 5.423599e-02 4.670948e+14
3.608559e+00 4.194550e+34 5.545192e-02 4.666772e+14
3.635889e+00 4.185135e+34 5.668506e-02 4.662563e+14
3.663219e+00 4.175661e+34 5.793550e-02 4.658322e+14
3.690549e+00 4.166127e+34 5.920334e-02 4.654049e+14
3.717879e+00 4.156535e+34 6.048865e-02 4.649743e+14
3.745209e+00 4.146884e+34 6.179154e-02 4.645404e+14
3.772539e+00 4.137175e+34 6.311208e-02 4.641033e+14
3.799869e+00 4.127408e+34 6.445035e-02 4.636630e+14
3.827199e+00 4.117583e+34 6.580646e-02 4.632194e+14
3.854529e+00 4.107701e+34 6.718046e-02 4.627725e+14
3.881859e+00 4.097761e+34 6.857246e-02 4.623224e+14
3.909189e+00 4.087765e+34 6.998253e-02 4.618690e+14
3.936519e+00 4.077712e+34 7.141075e-02 4.614124e+14
3.963849e+00 4.067602e+34 7.285720e-02 4.609524e+14
3.991179e+00 4.057436e+34 7.432195e-02 4.604893e+14
4.018509e+00 4.047214e+34 7.580510e-02 4.600228e+14
4.045839e+00 4.036937e+34 7.730671e-02 4.595531e+14
4.073169e+00 4.026604e+34 7.882686e-02 4.590801e+14
4.100499e+00 4.016216e+34 8.036562e-02 4.586038e+14
4.127829e+00 4.005774e+34 8.192307e-02 4.581242e+14
4.155159e+00 3.995277e+34 8.349928e-02 4.576414e+14
4.182489e+00 3.984726e+34 8.509432e-02 4.571552e+14
4.209819e+00 3.974121e+34 8.670826e-02 4.566658e+14
4.237149e+00 3.963462e+34 8.834117e-02 4.561731e+14
4.264479e+00 3.952750e+34 8.999313e-02 4.556771e+14
4.291809e+00 3.941985e+34 9.166419e-02 4.551778e+14
4.319139e+00 3.931167e+34 9.335442e-02 4.546752e+14
4.346469e+00 3.920297e+34 9.506390e-02 4.541693e+14
4.373799e+00 3.909375e+34 9.679268e-02 4.536601e+14
4.401129e+00 3.898401e+34 9.854082e-02 4.531476e+14
4.428459e+00 3.887375e+34 1.003084e-01 4.526318e+14
4.455789e+00 3.876298e+34 1.020955e-01 4.521127e+14
4.483119e+00 3.865170e+34 1.039021e-01 4.515902e+14
4.510449e+00 3.853991e+34 1.057283e-01 4.510645e+14
4.537779e+00 3.842762e+34 1.075742e-01 4.505354e+14
4.565109e+00 3.831483e+34 1.094398e-01 4.500030e+14
4.592439e+00 3.820155e+34 1.113252e-01 4.494673e+14
4.619769e+00 3.808776e+34 1.132304e-01 4.489283e+14
4.647099e+00 3.797349e+34 1.151555e-01 4.483859e+14
4.674429e+00 3.785873e+34 1.171006e-01 4.478402e+14
4.701759e+00 3.774349e+34 1.190656e-01 4.472912e+14
4.729089e+00 3.762776e+34 1.210507e-01 4.467388e+14
4.756419e+00 3.751155e+34 1.230559e-01 4.461831e+14
4.783749e+00 3.739487e+34 1.250812e-01 4.456240e+14
4.811079e+00 3.727772e+34 1.271267e-01 4.450616e+14
4.838409e+00 3.716010e+34 1.291924e-01 4.444958e+14
4.865739e+00 3.704201e+34 1.312784e-01 4.439267e+14
4.893069e+00 3.692346e+34 1.333847e-01 4.433542e+14
4.920399e+00 3.680445e+34 1.355114e-01 4.427784e+14
4.947729e+00 3.668499e+34 1.376585e-01 4.421992e+14
4.975059e+00 3.656507e+34 1.398260e-01 4.416166e+14
5.002389e+00 3.644471e+34 1.420140e-01 4.410306e+14
5.029719e+00 3.632389e+34 1.442225e-01 4.404413e+14
5.057049e+00 3.620264e+34 1.464515e-01 4.398486e+14
5.084379e+00 3.608094e+34 1.487011e-01 4.392525e+14
5.111709e+00 3.595881e+34 1.509714e-01 4.386530e+14
5.139039e+00 3.583625e+34 1.532623e-01 4.380502e+14
5.166369e+00 3.571325e+34 1.555739e-01 4.374439e+14
5.193699e+00 3.558983e+34 1.579061e-01 4.368342e+14
5.221029e+00 3.546599e+34 1.602592e-01 4.362212e+14
5.248359e+00 3.534173e+34 1.626329e-01 4.356047e+14
5.275689e+00 3.521706e+34 1.650275e-01 4.349848e+14
5.303019e+00 3.509197e+34 1.674429e-01 4.343615e+14
5.330349e+00 3.496647e+34 1.698792e-01 4.337348e+14
5.357679e+00 3.484057e+34 1.723363e-01 4.331047e+14
5.385009e+00 3.471426e+34 1.748142e-01 4.324711e+14
5.412339e+00 3.458756e+34 1.773131e-01 4.318341e+14
5.439669e+00 3.446046e+34 1.798329e-01 4.311937e+14
5.466999e+00 3.433297e+34 1.823736e-01 4.305498e+14
5.494329e+00 3.420509e+34 1.849353e-01 4.299025e+14
5.521659e+00 3.407683e+34 1.875180e-01 4.292517e+14
5.548989e+00 3.394819e+34 1.901216e-01 4.285975e+14
5.576319e+00 3.381917e+34 1.927463e-01 4.279398e+14
5.603649e+00 3.368978e+34 1.953919e-01 4.272787e+14
5.630979e+00 3.356001e+34 1.980585e-01 4.266140e+14
5.658308e+00 3.342988e+34 2.007462e-01 4.259459e+14
5.685638e+00 3.329939e+34 2.034549e-01 4.252744e+14
5.712968e+00 3.316854e+34 2.061846e-01 4.245993e+14
5.740298e+00 3.303733e+34 2.089353e-01 4.239208e+14
5.767628e+00 3.290577e+34 2.117071e-01 4.232388e+14
5.794958e+00 3.277386e+34 2.144999e-01 4.225532e+14
5.822288e+00 3.264161e+34 2.173138e-01 4.218642e+14
5.849618e+00 3.250901e+34 2.201486e-01 4.211717e+14
5.876948e+00 3.237608e+34 2.230045e-01 4.204756e+14
5.904278e+00 3.224282e+34 2.258815e-01 4.197760e+14
5.931608e+00 3.210922e+34 2.287794e-01 4.190729e+14
5.958938e+00 3.197530e+34 2.316984e-01 4.183663e+14
5.986268e+00 3.184106e+34 2.346384e-01 4.176561e+14
6.013598e+00 3.170650e+34 2.375993e-01 4.169424e+14
6.040928e+00 3.157162e+34 2.405813e-01 4.162251e+14
6.068258e+00 3.143643e+34 2.435842e-01 4.155043e+14
6.095588e+00 3.130094e+34 2.466080e-01 4.147799e+14
6.122918e+00 3.116514e+34 2.496528e-01 4.140519e+14
6.150248e+00 3.102904e+34 2.527185e-01 4.133204e+14
6.177578e+00 3.089264e+34 2.558051e-01 4.125853e+14
6.204908e+00 3.075596e+34 2.589126e-01 4.118466e+14
6.232238e+00 3.061898e+34 2.620409e-01 4.111043e+14
6.259568e+00 3.048172e+34 2.651901e-01 4.103584e+14
6.286898e+00 3.034418e+34 2.683601e-01 4.096089e+14
6.314228e+00 3.020636e+34 2.715508e-01 4.088558e+14
6.341558e+00 3.006827e+34 2.747623e-01 4.080991e+14
6.368888e+00 2.992991e+34 2.779945e-01 4.073387e+14
6.396218e+00 2.979129e+34 2.812475e-01 4.065747e+14
6.423548e+00 2.965240e+34 2.845210e-01 4.058071e+14
6.450878e+00 2.951325e+34 2.878152e-01 4.050358e+14
6.478208e+00 2.937386e+34 2.911300e-01 4.042608e+14
6.505538e+00 2.923421e+34 2.944653e-01 4.034822e+14
6.532868e+00 2.909432e+34 2.978212e-01 4.026999e+14
6.560198e+00 2.895418e+34 3.011975e-01 4.019140e+14
6.587528e+00 2.881381e+34 3.045942e-01 4.011243e+14
6.614858e+00 2.867321e+34 3.080113e-01 4.003310e+14
6.642188e+00 2.853237e+34 3.114488e-01 3.995339e+14
6.669518e+00 2.839131e+34 3.149065e-01 3.987331e+14
6.696848e+00 2.825003e+34 3.183845e-01 3.979286e+14
6.724178e+00 2.810853e+34 3.218827e-01 3.971204e+14
6.751508e+00 2.796681e+34 3.254010e-01 3.963085e+14
6.778838e+00 2.782489e+34 3.289394e-01 3.954928e+14
6.806168e+00 2.768276e+34 3.324979e-01 3.946733e+14
6.833498e+00 2.754042e+34 3.360763e-01 3.938501e+14
6.860828e+00 2.739789e+34 3.396747e-01 3.930230e+14
6.888158e+00 2.725517e+34 3.432929e-01 3.921923e+14
6.915488e+00 2.711226e+34 3.469308e-01 3.913577e+14
6.942818e+00 2.696916e+34 3.505886e-01 3.905193e+14
6.970148e+00 2.682588e+34 3.542660e-01 3.896771e+14
6.997478e+00 2.668242e+34 3.579630e-01 3.888311e+14
7.024808e+00 2.653879e+34 3.616795e-01 3.879812e+14
7.052138e+00 2.639499e+34 3.654155e-01 3.871275e+14
7.079468e+00 2.625103e+34 3.691709e-01 3.862699e+14
7.106798e+00 2.610690e+34 3.729456e-01 3.854085e+14
7.134128e+00 2.596262e+34 3.767395e-01 3.845432e+14
7.161458e+00 2.581818e+34 3.805526e-01 3.836740e+14
7.188788e+00 2.567360e+34 3.843848e-01 3.828009e+14
7.216118e+00 2.552887e+34 3.882360e-01 3.819239e+14
7.243448e+00 2.538400e+34 3.921061e-01 3.810430e+14
7.270778e+00 2.523900e+34 3.959951e-01 3.801582e+14
7.298108e+00 2.509386e+34 3.999028e-01 3.792694e+14
7.325438e+00 2.494860e+34 4.038292e-01 3.783766e+14
7.352768e+00 2.480321e+34 4.077742e-01 3.774799e+14
7.380098e+00 2.465771e+34 4.117376e-01 3.765792e+14
7.407428e+00 2.451208e+34 4.157194e-01 3.756745e+14
7.434758e+00 2.436635e+34 4.197196e-01 3.747658e+14
7.462088e+00 2.422051e+34 4.237379e-01 3.738531e+14
7.489418e+00 2.407457e+34 4.277743e-01 3.729364e+14
7.516748e+00 2.392853e+34 4.318288e-01 3.720156e+14
7.544078e+00 2.378239e+34 4.359011e-01 3.710907e+14
7.571408e+00 2.363617e+34 4.399912e-01 3.701618e+14
7.598738e+00 2.348986e+34 4.440990e-01 3.692288e+14
7.626068e+00 2.334347e+34 4.482244e-01 3.682917e+14
7.653398e+00 2.319700e+34 4.523673e-01 3.673504e+14
7.680728e+00 2.305046e+34 4.565275e-01 3.664051e+14
7.708058e+00 2.290385e+34 4.607050e-01 3.654555e+14
7.735388e+00 2.275718e+34 4.648996e-01 3.645019e+14
7.762718e+00 2.261044e+34 4.691112e-01 3.635440e+14
7.790048e+00 2.246366e+34 4.733397e-01 3.625819e+14
7.817378e+00 2.231681e+34 4.775850e-01 3.616157e+14
7.844708e+00 2.216993e+34 4.818469e-01 3.606452e+14
7.872038e+00 2.202300e+34 4.861253e-01 3.596705e+14
7.899368e+00 2.187603e+34 4.904201e-01 3.586915e+14
7.926698e+00 2.172903e+34 4.947312e-01 3.577082e+14
7.954028e+00 2.158199e+34 4.990585e-01 3.567206e+14
7.981358e+00 2.143494e+34 5.034017e-01 3.557287e+14
8.008688e+00 2.128786e+34 5.077608e-01 3.547325e+14
8.036018e+00 2.114076e+34 5.121356e-01 3.537319e+14
8.063348e+00 2.099365e+34 5.165259e-01 3.527270e+14
8.090678e+00 2.084654e+34 5.209318e-01 3.517177e+14
8.118008e+00 2.069942e+34 5.253529e-01 3.507039e+14
8.145338e+00 2.055230e+34 5.297892e-01 3.496858e+14
8.172668e+00 2.040518e+34 5.342404e-01 3.486632e+14
8.199998e+00 2.025808e+34 5.387066e-01 3.476361e+14
8.227328e+00 2.011099e+34 5.431874e-01 3.466045e+14
8.254658e+00 1.996392e+34 5.476828e-01 3.455684e+14
8.281988e+00 1.981687e+34 5.521925e-01 3.445278e+14
8.309318e+00 1.966984e+34 5.567165e-01 3.434826e+14
8.336648e+00 1.952285e+34 5.612545e-01 3.424328e+14
8.363978e+00 1.937590e+34 5.658065e-01 3.413785e+14
8.391308e+00 1.922898e+34 5.703721e-01 3.403195e+14
8.418638e+00 1.908211e+34 5.749514e-01 3.392558e+14
8.445968e+00 1.893529e+34 5.795440e-01 3.381875e+14
8.473298e+00 1.878852e+34 5.841499e-01 3.371145e+14
8.500628e+00 1.864181e+34 5.887687e-01 3.360367e+14
8.527958e+00 1.849516e+34 5.934005e-01 3.349542e+14
8.555288e+00 1.834858e+34 5.980450e-01 3.338670e+14
8.582618e+00 1.820207e+34 6.027019e-01 3.327749e+14
8.609948e+00 1.805564e+34 6.073712e-01 3.316779e+14
8.637278e+00 1.790929e+34 6.120526e-01 3.305762e+14
8.664608e+00 1.776302e+34 6.167459e-01 3.294695e+14
8.691938e+00 1.761684e+34 6.214510e-01 3.283579e+14
8.719268e+00 1.747075e+34 6.261676e-01 3.272414e+14
8.746598e+00 1.732476e+34 6.308956e-01 3.261198e+14
8.773928e+00 1.717888e+34 6.356347e-01 3.249933e+14
8.801258e+00 1.703310e+34 6.403848e-01 3.238617e+14
8.828588e+00 1.688743e+34 6.451457e-01 3.227251e+14
8.855918e+00 1.674188e+34 6.499170e-01 3.215833e+14
8.883248e+00 1.659645e+34 6.546987e-01 3.204364e+14
8.910578e+00 1.645114e+34 6.594906e-01 3.192843e+14
8.937908e+00 1.630596e+34 6.642923e-01 3.181270e+14
8.965238e+00 1.616092e+34 6.691037e-01 3.169645e+14
8.992568e+00 1.601602e+34 6.739245e-01 3.157967e+14
9.019898e+00 1.587126e+34 6.787546e-01 3.146235e+14
9.047228e+00 1.572664e+34 6.835937e-01 3.134450e+14
9.074558e+00 1.558218e+34 6.884415e-01 3.122611e+14
9.101888e+00 1.543787e+34 6.932979e-01 3.110718e+14
9.129218e+00 1.529373e+34 6.981626e-01 3.098769e+14
9.156548e+00 1.514975e+34 7.030354e-01 3.086766e+14
9.183878e+00 1.500594e+34 7.079160e-01 3.074707e+14
9.211208e+00 1.486231e+34 7.128041e-01 3.062591e+14
9.238538e+00 1.471886e+34 7.176997e-01 3.050420e+14
9.265868e+00 1.457559e+34 7.226022e-01 3.038191e+14
9.293198e+00 1.443250e+34 7.275117e-01 3.025904e+14
9.320528e+00 1.428961e+34 7.324276e-01 3.013560e+14
9.347858e+00 1.414692e+34 7.373499e-01 3.001157e+14
9.375188e+00 1.400443e+34 7.422783e-01 2.988696e+14
9.402518e+00 1.386215e+34 7.472124e-01 2.976175e+14
9.429847e+00 1.372008e+34 7.521520e-01 2.963593e+14
9.457177e+00 1.357822e+34 7.570969e-01 2.950952e+14
9.484507e+00 1.343659e+34 7.620467e-01 2.938249e+14
9.511837e+00 1.329517e+34 7.670012e-01 2.925485e+14
9.539167e+00 1.315399e+34 7.719601e-01 2.912658e+14
9.566497e+00 1.301305e+34 7.769231e-01 2.899768e+14
9.593827e+00 1.287234e+34 7.818899e-01 2.886815e+14
9.621157e+00 1.273187e+34 7.868603e-01 2.873798e+14
9.648487e+00 1.259165e+34 7.918338e-01 2.860717e+14
9.675817e+00 1.245169e+34 7.968103e-01 2.847570e+14
9.703147e+00 1.231198e+34 8.017894e-01 2.834356e+14
9.730477e+00 1.217253e+34 8.067708e-01 2.821076e+14
9.757807e+00 1.203335e+34 8.117542e-01 2.807729e+14
9.785137e+00 1.189445e+34 8.167393e-01 2.794313e+14
9.812467e+00 1.175581e+34 8.217257e-01 2.780829e+14
9.839797e+00 1.161746e+34 8.267132e-01 2.767274e+14
9.867127e+00 1.147939e+34 8.317013e-01 2.753650e+14
9.894457e+00 1.134161e+34 8.366898e-01 2.739953e+14
9.921787e+00 1.120413e+34 8.416784e-01 2.726185e+14
9.949117e+00 1.106694e+34 8.466666e-01 2.712344e+14
9.976447e+00 1.093006e+34 8.516541e-01 2.698429e+14
1.000378e+01 1.079375e+34 8.566407e-01 2.684465e+14
1.003111e+01 1.065817e+34 8.616259e-01 2.670471e+14
1.005844e+01 1.052333e+34 8.666097e-01 2.656444e+14
1.008577e+01 1.038925e+34 8.715916e-01 2.642387e+14
1.011310e+01 1.025591e+34 8.765714e-01 2.628299e+14
1.014043e+01 1.012333e+34 8.815489e-01 2.614179e+14
1.016776e+01 9.991505e+33 8.865237e-01 2.600029e+14
1.019509e+01 9.860447e+33 8.914956e-01 2.585847e+14
1.022242e+01 9.730158e+33 8.964643e-01 2.571634e+14
1.024975e+01 9.600640e+33 9.014296e-01 2.557391e+14
1.027708e+01 9.471899e+33 9.063911e-01 2.543117e+14
1.030441e+01 9.343939e+33 9.113485e-01 2.528812e+14
1.033174e+01 9.216763e+33 9.163017e-01 2.514476e+14
1.035907e+01 9.090375e+33 9.212503e-01 2.500109e+14
1.038640e+01 8.964779e+33 9.261939e-01 2.485712e+14
1.041373e+01 8.839979e+33 9.311324e-01 2.471284e+14
1.044106e+01 8.715979e+33 9.360655e-01 2.456826e+14
1.046839e+01 8.592782e+33 9.409927e-01 2.442337e+14
1.049572e+01 8.470392e+33 9.459140e-01 2.427818e+14
1.052305e+01 8.348812e+33 9.508288e-01 2.413268e+14
1.055038e+01 8.228046e+33 9.557371e-01 2.398687e+14
1.057771e+01 8.108097e+33 9.606384e-01 2.384077e+14
1.060504e+01 7.988969e+33 9.655324e-01 2.369436e+14
1.063237e+01 7.870665e+33 9.704190e-01 2.354764e+14
1.065970e+01 7.753188e+33 9.752976e-01 2.340063e+14
1.068703e+01 7.636541e+33 9.801682e-01 2.325331e+14
1.071436e+01 7.520727e+33 9.850302e-01 2.310568e+14
1.074169e+01 7.405750e+33 9.898835e-01 2.295776e+14
1.076902e+01 7.291612e+33 9.947278e-01 2.280953e+14
1.079635e+01 7.178317e+33 9.995626e-01 2.266100e+14
1.082368e+01 7.065867e+33 1.004388e+00 2.251217e+14
1.085101e+01 6.954264e+33 1.009203e+00 2.236304e+14
1.087834e+01 6.843513e+33 1.014008e+00 2.221360e+14
1.090567e+01 6.733614e+33 1.018802e+00 2.206386e+14
1.093300e+01 6.624572e+33 1.023585e+00 2.191382e+14
1.096033e+01 6.516388e+33 1.028357e+00 2.176348e+14
1.098766e+01 6.409065e+33 1.033118e+00 2.161283e+14
1.101499e+01 6.302605e+33 1.037866e+00 2.146189e+14
1.104232e+01 6.197011e+33 1.042602e+00 2.131064e+14
1.106965e+01 6.092285e+33 1.047326e+00 2.115909e+14
1.109698e+01 5.988430e+33 1.052037e+00 2.100723e+14
1.112431e+01 5.885447e+33 1.056734e+00 2.085508e+14
1.115164e+01 5.783338e+33 1.061418e+00 2.070262e+14
1.117897e+01 5.682106e+33 1.066088e+00 2.054985e+14
1.120630e+01 5.581752e+33 1.070744e+00 2.039678e+14
1.123363e+01 5.482279e+33 1.075385e+00 2.024341e+14
1.126096e+01 5.383689e+33 1.080011e+00 2.008973e+14
1.128829e+01 5.285982e+33 1.084622e+00 1.993575e+14
1.131562e+01 5.189161e+33 1.089217e+00 1.978146e+14
1.134295e+01 5.093228e+33 1.093797e+00 1.962687e+14
1.137028e+01 4.998184e+33 1.098360e+00 1.947197e+14
1.139761e+01 4.904031e+33 1.102907e+00 1.931676e+14
1.142494e+01 4.810770e+33 1.107436e+00 1.916124e+14
1.145227e+01 4.718403e+33 1.111948e+00 1.900541e+14
1.147960e+01 4.626930e+33 1.116443e+00 1.884928e+14
1.150693e+01 4.536354e+33 1.120919e+00 1.869283e+14
1.153426e+01 4.446676e+33 1.125377e+00 1.853607e+14
1.156159e+01 4.357896e+33 1.129816e+00 1.837900e+14
1.158892e+01 4.270017e+33 1.134236e+00 1.822161e+14
1.161625e+01 4.183038e+33 1.138637e+00 1.806391e+14
1.164358e+01 4.096961e+33 1.143018e+00 1.790589e+14
1.167091e+01 4.011787e+33 1.147378e+00 1.774756e+14
1.169824e+01 3.927517e+33 1.151718e+00 1.758890e+14
1.172557e+01 3.844152e+33 1.156037e+00 1.742993e+14
1.175290e+01 3.761692e+33 1.160334e+00 1.727063e+14
1.178023e+01 3.680138e+33 1.164610e+00 1.711101e+14
1.180756e+01 3.599491e+33 1.168864e+00 1.695107e+14
1.183489e+01 3.519751e+33 1.173095e+00 1.679080e+14
1.186222e+01 3.440919e+33 1.177303e+00 1.663020e+14
1.188955e+01 3.362996e+33 1.181488e+00 1.646927e+14
1.191688e+01 3.285982e+33 1.185650e+00 1.630801e+14
1.194421e+01 3.209876e+33 1.189787e+00 1.614641e+14
1.197154e+01 3.134681e+33 1.193900e+00 1.598448e+14
1.199887e+01 3.060395e+33 1.197988e+00 1.582220e+14
1.202620e+01 2.987019e+33 1.202051e+00 1.565959e+14
1.205353e+01 2.914553e+33 1.206088e+00 1.549663e+14
1.208086e+01 2.842997e+33 1.210099e+00 1.533333e+14
1.210819e+01 2.772351e+33 1.214084e+00 1.516967e+14
1.213552e+01 2.702616e+33 1.218042e+00 1.500566e+14
1.216285e+01 2.633791e+33 1.221973e+00 1.484130e+14
1.219018e+01 2.565876e+33 1.225875e+00 1.467658e+14
1.221751e+01 2.498871e+33 1.229750e+00 1.451150e+14
1.224484e+01 2.432775e+33 1.233597e+00 1.434605e+14
1.227217e+01 2.367589e+33 1.237414e+00 1.418024e+14
1.229950e+01 2.303311e+33 1.241202e+00 1.401405e+14
1.232683e+01 2.239942e+33 1.244960e+00 1.384748e+14
1.235416e+01 2.177482e+33 1.248688e+00 1.368053e+14
1.238149e+01 2.115929e+33 1.252385e+00 1.351320e+14
1.240882e+01 2.055283e+33 1.256052e+00 1.334548e+14
1.243615e+01 1.995544e+33 1.259686e+00 1.317737e+14
1.246348e+01 1.936711e+33 1.263289e+00 1.300885e+14
1.249081e+01 1.878783e+33 1.266859e+00 1.283993e+14
1.251814e+01 1.821759e+33 1.270397e+00 1.267060e+14
1.254547e+01 1.765639e+33 1.273901e+00 1.250086e+14
1.257280e+01 1.710422e+33 1.277371e+00 1.233070e+14
1.260013e+01 1.656108e+33 1.280807e+00 1.216010e+14
1.262746e+01 1.602694e+33 1.284208e+00 1.198908e+14
1.265479e+01 1.550181e+33 1.287574e+00 1.181761e+14
1.268212e+01 1.498567e+33 1.290904e+00 1.164570e+14
1.270945e+01 1.447851e+33 1.294198e+00 1.147334e+14
1.273678e+01 1.398033e+33 1.297456e+00 1.130051e+14
1.276411e+01 1.349110e+33 1.300676e+00 1.112721e+14
1.279144e+01 1.301083e+33 1.303858e+00 1.095344e+14
1.281877e+01 1.253949e+33 1.307003e+00 1.077917e+14
1.284610e+01 1.207708e+33 1.310109e+00 1.060441e+14
1.287343e+01 1.162358e+33 1.313175e+00 1.042915e+14
1.290076e+01 1.117898e+33 1.316202e+00 1.025337e+14
1.292809e+01 1.074327e+33 1.319189e+00 1.007707e+14
1.295542e+01 1.031522e+33 1.322143e+00 1.000000e+14
1.298275e+01 9.889107e+32 1.325105e+00 1.000000e+14
1.301008e+01 9.464188e+32 1.328080e+00 1.000000e+14
1.303741e+01 9.040456e+32 1.331067e+00 1.000000e+14
1.306474e+01 8.617903e+32 1.334066e+00 1.000000e+14
1.309207e+01 8.196517e+32 1.337078e+00 1.000000e+14
1.311940e+01 7.776290e+32 1.340103e+00 1.000000e+14
1.314673e+01 7.357211e+32 1.343140e+00 1.000000e+14
1.317406e+01 6.939272e+32 1.346190e+00 1.000000e+14
1.320139e+01 6.522464e+32 1.349252e+00 1.000000e+14
1.322872e+01 6.106777e+32 1.352328e+00 1.000000e+14
1.325605e+01 5.692201e+32 1.355416e+00 1.000000e+14
1.328338e+01 5.278728e+32 1.358517e+00 1.000000e+14
1.331071e+01 4.866350e+32 1.361630e+00 1.000000e+14
1.333804e+01 4.455056e+32 1.364756e+00 1.000000e+14
1.336537e+01 4.044839e+32 1.367896e+00 1.000000e+14
1.339270e+01 3.635690e+32 1.371048e+00 1.000000e+14
1.342003e+01 3.227600e+32 1.374213e+00 1.000000e+14
1.344736e+01 2.820560e+32 1.377391e+00 1.000000e+14
1.347469e+01 2.414563e+32 1.380582e+00 1.000000e+14
1.350202e+01 2.009599e+32 1.383785e+00 1.000000e+14
1.352935e+01 1.605661e+32 1.387002e+00 1.000000e+14
1.355668e+01 1.202740e+32 1.390232e+00 1.000000e+14
1.358401e+01 8.008282e+31 1.393475e+00 1.000000e+14
1.361134e+01 3.999175e+31 1.396731e+00 1.000000e+14
1.363867e+01 4.839503e+24 1.400000e+00 1.000000e+14
